67.275000 227.375000 1.0
66.950000 227.375000 1.0
66.625000 227.375000 1.0
66.300000 227.375000 1.0
66.400000 214.850000 1.0
66.525000 202.350000 1.0
66.625000 189.825000 1.0
66.725000 183.525000 1.0
67.200000 179.700000 1.0
68.050000 178.325000 1.0
68.800000 177.150000 1.0
71.075000 176.425000 1.0
74.850000 176.125000 1.0
75.325000 176.050000 1.0
75.550000 175.700000 1.0
75.550000 175.100000 1.0
75.550000 174.375000 1.0
75.325000 174.025000 1.0
74.850000 174.025000 1.0
74.025000 174.050000 1.0
72.850000 174.075000 1.0
71.325000 174.100000 1.0
68.250000 174.225000 1.0
66.075000 174.275000 1.0
64.775000 174.275000 1.0
63.775000 174.275000 1.0
60.425000 174.200000 1.0
54.700000 174.025000 1.0
54.125000 174.025000 1.0
53.850000 174.375000 1.0
53.850000 175.100000 1.0
53.850000 175.725000 1.0
54.125000 176.075000 1.0
54.700000 176.125000 1.0
58.125000 176.475000 1.0
60.150000 177.225000 1.0
60.825000 178.400000 1.0
61.750000 180.075000 1.0
62.250000 183.875000 1.0
62.325000 189.825000 1.0
62.500000 200.700000 1.0
62.675000 211.550000 1.0
62.850000 222.425000 1.0
62.925000 227.200000 1.0
62.475000 230.225000 1.0
61.500000 231.500000 1.0
60.500000 232.825000 1.0
58.100000 233.700000 1.0
54.275000 234.100000 1.0
53.700000 234.150000 1.0
53.425000 234.500000 1.0
53.425000 235.125000 1.0
53.425000 236.125000 1.0
53.700000 236.625000 1.0
54.275000 236.625000 1.0
57.325000 236.475000 1.0
60.025000 236.375000 1.0
62.425000 236.375000 1.0
65.225000 236.375000 1.0
67.900000 236.400000 1.0
70.425000 236.475000 1.0
72.025000 233.400000 1.0
74.275000 229.825000 1.0
77.150000 225.775000 1.0
83.975000 216.075000 1.0
90.775000 206.375000 1.0
97.600000 196.675000 1.0
101.325000 191.300000 1.0
104.125000 187.225000 1.0
106.000000 184.450000 1.0
106.000000 188.050000 1.0
106.000000 191.675000 1.0
106.000000 195.300000 1.0
105.975000 203.825000 1.0
105.950000 212.375000 1.0
105.925000 220.925000 1.0
105.925000 226.900000 1.0
105.400000 230.600000 1.0
104.400000 232.075000 1.0
103.700000 233.150000 1.0
101.450000 233.875000 1.0
97.675000 234.175000 1.0
97.175000 234.250000 1.0
96.900000 234.575000 1.0
96.900000 235.225000 1.0
96.900000 236.150000 1.0
97.175000 236.625000 1.0
97.675000 236.625000 1.0
102.475000 236.400000 1.0
105.775000 236.300000 1.0
107.550000 236.300000 1.0
109.950000 236.300000 1.0
113.275000 236.400000 1.0
117.450000 236.625000 1.0
118.025000 236.625000 1.0
118.325000 236.150000 1.0
118.325000 235.225000 1.0
118.325000 234.675000 1.0
118.025000 234.325000 1.0
117.450000 234.175000 1.0
114.250000 233.900000 1.0
112.250000 233.200000 1.0
111.475000 232.075000 1.0
110.550000 230.725000 1.0
110.050000 227.000000 1.0
109.950000 220.925000 1.0
109.775000 210.550000 1.0
109.600000 200.175000 1.0
109.400000 189.825000 1.0
109.400000 187.825000 1.0
109.425000 186.325000 1.0
109.450000 185.375000 1.0
109.450000 182.750000 1.0
109.500000 179.175000 1.0
109.625000 174.700000 1.0
107.150000 173.175000 1.0
105.850000 172.425000 1.0
105.700000 172.425000 1.0
105.500000 172.425000 1.0
105.300000 172.575000 1.0
105.100000 172.850000 1.0
102.350000 177.400000 1.0
99.000000 182.450000 1.0
95.050000 188.050000 1.0
85.800000 201.175000 1.0
76.550000 214.275000 1.0
67.275000 227.375000 1.0
