0.000000
0.000000
0.000000
0.000000
0.975000
0.975000
0.975000
38.526406
38.526406
38.526406
50.114358
50.114358
50.114358
57.261386
57.261386
57.261386
58.502605
58.502605
58.502605
59.785424
59.785424
59.785424
63.311222
63.311222
63.311222
69.863559
69.863559
69.863559
79.941660
79.941660
79.941660
81.312107
81.312107
81.312107
82.643695
82.643695
82.643695
89.177549
89.177549
89.177549
100.700596
100.700596
100.700596
133.304823
133.304823
133.304823
142.479687
142.479687
142.479687
150.158269
150.158269
150.158269
151.489857
151.489857
151.489857
153.213951
153.213951
153.213951
161.367784
161.367784
161.367784
169.368409
169.368409
169.368409
182.006274
182.006274
182.006274
217.573288
217.573288
217.573288
232.406043
232.406043
232.406043
243.256043
243.256043
243.256043
268.881153
268.881153
268.881153
280.134958
280.134958
280.134958
287.180213
287.180213
287.180213
288.485252
288.485252
288.485252
290.085447
290.085447
290.085447
299.965794
299.965794
299.965794
309.871127
309.871127
309.871127
311.522074
311.522074
311.522074
312.888867
312.888867
312.888867
319.222162
319.222162
319.222162
330.475967
330.475967
330.475967
361.580830
361.580830
361.580830
366.031111
366.031111
366.031111
376.707545
376.707545
376.707545
381.244202
381.244202
381.244202
381.979474
381.979474
381.979474
400.201507
400.201507
400.201507
448.346146
448.346146
448.346146
448.346146
